85
85
85
85
85
85
85
85
85
85
85
86
86
86
86
86
86
87
87
87
255
255
255
255
255
255
219
219
33
32
31
30
30
30
30
30
30
30
29
29
29
29
28
28
28
28
28
28
28
28
28
28
28
28
28
29
29
29
29
29
29
30
30
30
30
30
30
31
31
31
32
32
32
33
167
167
167
167
168
168
169
169
169
124
123
122
122
122
122
121
121
121
121
121
121
121
121
121
121
121
121
121
121
121
122
122
122
122
123
123
134
135
135
255
255
255
255
255
255
255
255
255
255
255
255
255
255
255
255
195
195
195
195
195
255
255
180
178
178
178
177
177
177
177
177
177
177
177
177
178
178
178
178
178
179
165
165
165
164
165
165
165
166
166
255
255
255
255
255
255
255
89
88
88
87
87
86
86
86
86
