183
183
255
255
255
255
255
183
183
183
183
255
255
255
255
255
255
255
255
255
255
255
255
255
255
255
255
255
255
255
255
255
255
60
60
60
59
59
255
57
57
57
57
56
56
56
56
56
56
55
55
55
56
56
56
56
56
56
57
57
58
65
65
65
65
64
64
63
63
63
64
64
64
255
255
32
32
31
30
29
29
29
29
28
28
28
28
28
27
27
27
27
27
27
27
27
27
27
27
27
27
27
27
27
27
27
27
27
27
27
27
28
28
28
29
29
31
31
29
38
29
29
28
28
28
28
28
27
27
27
26
26
26
26
26
26
26
25
25
25
25
25
25
25
25
25
25
25
25
26
26
26
26
26
26
26
26
27
27
28
28
28
28
255
255
255
255
255
32
32
255
255
255
255
255
255
255
255
255
255
