56
56
56
56
56
56
56
56
56
56
56
56
56
57
57
57
58
58
58
58
58
60
255
255
255
255
255
255
255
255
255
255
255
255
255
255
255
255
255
255
255
255
255
255
255
255
255
255
255
255
255
255
255
255
255
255
255
255
255
255
255
255
255
255
255
255
255
255
255
255
255
255
255
255
33
33
32
32
31
31
31
30
30
30
29
29
29
28
28
28
28
28
27
27
27
27
27
27
27
27
27
27
27
28
28
28
28
28
29
29
29
29
30
30
30
30
31
31
33
48
40
40
40
40
39
39
39
38
38
38
37
37
37
37
37
37
37
37
37
37
37
37
37
37
37
37
37
37
37
37
37
37
38
38
38
38
38
38
39
39
41
41
41
68
68
68
60
59
59
58
58
58
57
57
57
56
56
56
56
56
