181
181
181
181
181
181
181
181
181
181
255
255
255
255
255
255
255
255
255
255
255
28
255
255
255
255
36
36
27
26
26
25
25
25
24
24
24
24
24
24
24
24
24
24
24
24
24
23
23
23
23
23
23
24
24
24
24
24
24
24
24
24
24
24
25
25
25
25
25
25
26
26
26
27
27
27
27
31
27
28
29
27
27
28
28
27
27
26
26
26
26
26
26
26
26
26
26
26
26
26
26
26
26
26
26
26
27
27
27
27
28
28
28
28
29
29
29
30
30
32
66
66
67
67
67
61
61
60
60
60
59
59
58
58
58
58
58
58
58
58
57
57
57
57
57
57
58
58
58
58
58
58
59
59
59
59
59
60
60
60
62
255
255
255
255
255
255
255
255
255
255
255
255
255
255
255
255
255
255
181
