255
255
255
255
255
255
255
255
255
255
255
255
255
255
255
255
255
255
255
255
255
255
255
255
255
255
255
255
255
255
255
55
55
55
54
53
53
53
53
52
52
52
52
52
52
52
52
52
52
52
52
52
52
52
52
52
52
52
52
52
53
53
53
53
54
54
55
57
57
153
153
153
153
153
89
89
89
88
88
71
71
70
70
70
70
70
69
69
69
69
68
68
68
68
68
68
68
68
68
68
68
68
68
69
69
69
69
69
70
70
70
71
71
76
77
77
77
77
76
76
76
76
77
78
78
255
255
255
255
255
255
255
255
255
255
255
156
155
155
154
154
154
154
154
154
154
155
155
155
156
169
168
168
168
168
169
185
186
184
183
184
184
184
183
183
183
183
183
183
184
184
183
183
184
184
184
184
185
186
255
